ans =

    6.2472


ans =

   -2.9063    2.9063    0.5000    3.7500
   -2.8125    0.1875    1.4375    2.0625
    2.0625    1.8750    0.4375    2.0625
   -1.0313    2.5313    0.5625    2.0625
    0.1875    2.9063    3.0000    2.0000
    1.0313    0.4688    0.1875    1.3125
   -1.2188    0.2813    0.3750    2.0625
   -0.7500   -0.6563    0.5000    1.3750
    2.0625    0.7500    0.5000    3.3750
   -1.6875    2.4375    4.0000    1.6875
    1.0313   -2.7188    0.5625    1.6250
   -1.7813   -2.8125    0.5000    2.3750